image_width: 640
image_height: 480
camera_name: raspicam_node
camera_matrix:
  rows: 3
  cols: 3
  data: [320.19098853439465, 0.0, 321.806441421289, 0.0, 321.94322946522357, 214.66825797224274, 0.0, 0.0, 1.0]
distortion_model: plumb_bob
distortion_coefficients:
  rows: 1
  cols: 5
  data: [-0.28102199754643375, 0.05978659107841411, 0.0004543375648944877, 0.00030024738519760516, 0.0]
rectification_matrix:
  rows: 3
  cols: 3
  data: [1.0, 0.0, 0.0, 0.0, 1.0, 0.0, 0.0, 0.0, 1.0]
projection_matrix:
  rows: 3
  cols: 4
  data: [224.33819580078125, 0.0, 322.70577159689856, 0.0, 0.0, 254.99981689453125, 200.43045225148308, 0.0, 0.0, 0.0, 1.0, 0.0]